0.000010 0.000010 0.069610 0.647994 0.282327 0.000010 0.000010 0.000010 0.000010 0.000010
0.000010 0.000010 0.043795 0.246020 0.710115 0.000010 0.000010 0.000010 0.000010 0.000010
0.016700 0.103466 0.000010 0.607800 0.271974 0.000010 0.000010 0.000010 0.000010 0.000010
0.425954 0.333077 0.015871 0.000010 0.001801 0.046363 0.076286 0.012491 0.000010 0.088136
0.194533 0.164084 0.001006 0.000010 0.033784 0.140530 0.440649 0.000010 0.025385 0.000010
0.208088 0.274627 0.034861 0.000010 0.010683 0.085044 0.229636 0.051588 0.005864 0.099599
0.019694 0.115075 0.000010 0.470845 0.000010 0.000010 0.343672 0.000010 0.050664 0.000010
0.197518 0.181630 0.122849 0.000010 0.146264 0.250443 0.052894 0.017795 0.000010 0.030587
0.366766 0.200633 0.013797 0.000010 0.000010 0.000010 0.273260 0.000010 0.000010 0.145494
0.000020 0.000010 0.000011 0.000011 0.000012 0.000010 0.999896 0.000010 0.000010 0.000010
0.000010 0.000012 0.000010 0.000012 0.000010 0.000010 0.999906 0.000010 0.000010 0.000010
0.000010 0.622360 0.197948 0.000010 0.066520 0.113112 0.000010 0.000010 0.000010 0.000010
0.032992 0.198223 0.065491 0.000010 0.031607 0.173488 0.482511 0.000010 0.010953 0.004715
0.040924 0.177253 0.029965 0.030729 0.326943 0.355544 0.000010 0.024165 0.010930 0.003537
0.000010 0.000010 0.999910 0.000010 0.000010 0.000010 0.000010 0.000010 0.000010 0.000010
0.032781 0.110283 0.002144 0.490312 0.000010 0.000010 0.307567 0.000010 0.056874 0.000010
0.000010 0.000010 0.999910 0.000010 0.000010 0.000010 0.000010 0.000010 0.000010 0.000010
0.324236 0.123421 0.166178 0.000010 0.000010 0.000010 0.261685 0.000010 0.000010 0.124430
0.000010 0.910635 0.000010 0.069446 0.000010 0.000010 0.019849 0.000010 0.000010 0.000010
0.000010 0.000010 0.000010 0.000010 0.000010 0.000010 0.999910 0.000010 0.000010 0.000010
0.343527 0.000010 0.000010 0.000010 0.468839 0.000010 0.000010 0.000010 0.000010 0.187564
0.000010 0.000010 0.000010 0.000010 0.999910 0.000010 0.000010 0.000010 0.000010 0.000010
0.144572 0.149558 0.000010 0.000010 0.000010 0.000010 0.600256 0.030482 0.044020 0.031072
0.000010 0.000010 0.999910 0.000010 0.000010 0.000010 0.000010 0.000010 0.000010 0.000010
0.019392 0.216439 0.253525 0.000010 0.111604 0.357442 0.011754 0.000010 0.000010 0.029814
0.026569 0.452990 0.161923 0.000010 0.062365 0.225478 0.004783 0.011723 0.010153 0.044005
0.000010 0.000010 0.000010 0.000010 0.000010 0.000010 0.999910 0.000010 0.000010 0.000010
0.117001 0.397816 0.000010 0.244461 0.063405 0.092005 0.010810 0.023965 0.000010 0.050517
0.175773 0.234236 0.045437 0.000010 0.374970 0.019296 0.025237 0.026074 0.000010 0.098957
0.423558 0.000010 0.000010 0.000013 0.009383 0.000010 0.000010 0.000010 0.000010 0.566986
0.492249 0.000010 0.306378 0.000010 0.000010 0.000010 0.000010 0.000010 0.000010 0.201303
0.000010 0.000010 0.000010 0.000010 0.000010 0.000010 0.999903 0.000017 0.000010 0.000010
0.000010 0.000010 0.052052 0.000010 0.000010 0.000013 0.835285 0.000010 0.000010 0.112590
0.367096 0.125144 0.037401 0.000015 0.000010 0.000010 0.029673 0.000010 0.000010 0.440631
0.000010 0.097084 0.228727 0.000010 0.000010 0.153319 0.000010 0.008819 0.105335 0.406675
0.159284 0.030209 0.034607 0.000010 0.000010 0.014225 0.083604 0.090306 0.030304 0.557441
0.000010 0.096442 0.117235 0.039525 0.040052 0.000010 0.354597 0.000010 0.000010 0.352109
0.000010 0.659830 0.118982 0.173965 0.046040 0.000010 0.000010 0.000010 0.000010 0.001133
0.013437 0.049217 0.107640 0.101491 0.031125 0.645837 0.008733 0.000010 0.042501 0.000010
0.683940 0.168558 0.145306 0.000010 0.000010 0.000010 0.000010 0.000010 0.000010 0.002136
0.467881 0.334660 0.029206 0.000010 0.010863 0.089341 0.064261 0.000010 0.000010 0.003757
0.109493 0.342771 0.167846 0.000010 0.024525 0.253668 0.020221 0.000010 0.000010 0.081446
0.233746 0.420791 0.045355 0.000014 0.012792 0.075892 0.118505 0.000010 0.000010 0.092886
0.034507 0.161464 0.068961 0.019658 0.278011 0.418321 0.000010 0.000010 0.000010 0.019049
0.999910 0.000010 0.000010 0.000010 0.000010 0.000010 0.000010 0.000010 0.000010 0.000010
0.101824 0.261362 0.000010 0.306187 0.045103 0.226111 0.014984 0.000010 0.000010 0.044398
0.000010 0.000010 0.043517 0.071282 0.000010 0.000010 0.000010 0.000010 0.000010 0.885131
0.000010 0.000010 0.036175 0.635395 0.328360 0.000010 0.000010 0.000010 0.000010 0.000010
0.000010 0.000010 0.999910 0.000010 0.000010 0.000010 0.000010 0.000010 0.000010 0.000010
0.029846 0.018694 0.033325 0.000010 0.769824 0.148260 0.000010 0.000010 0.000010 0.000010
0.185809 0.131644 0.374605 0.194350 0.000010 0.000010 0.020895 0.000950 0.073343 0.018384
0.012559 0.880919 0.055697 0.000010 0.000010 0.050765 0.000010 0.000010 0.000010 0.000010
0.005332 0.842303 0.144313 0.000010 0.000010 0.007993 0.000010 0.000010 0.000010 0.000010
0.000010 0.901443 0.053293 0.000010 0.000010 0.045193 0.000010 0.000010 0.000010 0.000010
0.000010 0.999910 0.000010 0.000010 0.000010 0.000010 0.000010 0.000010 0.000010 0.000010
0.000010 0.999909 0.000010 0.000011 0.000010 0.000010 0.000010 0.000010 0.000010 0.000010
0.000010 0.999909 0.000011 0.000010 0.000010 0.000010 0.000010 0.000010 0.000010 0.000010
0.000010 0.999910 0.000010 0.000010 0.000010 0.000010 0.000010 0.000010 0.000010 0.000010
0.000010 0.999910 0.000010 0.000010 0.000010 0.000010 0.000010 0.000010 0.000010 0.000010
0.006348 0.787473 0.000010 0.206110 0.000010 0.000010 0.000010 0.000010 0.000010 0.000010
0.013570 0.874201 0.058701 0.000010 0.000010 0.053468 0.000010 0.000010 0.000010 0.000010
0.105295 0.478352 0.041752 0.000010 0.057801 0.234038 0.022125 0.007264 0.000010 0.053353
0.000010 0.000010 0.000010 0.000010 0.000010 0.000010 0.000010 0.000010 0.000010 0.999910
0.082875 0.162843 0.104285 0.040026 0.036843 0.541052 0.010378 0.014336 0.007353 0.000010
0.494906 0.212207 0.000010 0.175106 0.000010 0.000010 0.036446 0.000010 0.000010 0.081284
0.111112 0.420396 0.084975 0.000010 0.067791 0.272054 0.003972 0.008655 0.000010 0.031025
0.000010 0.004905 0.113333 0.061858 0.819845 0.000010 0.000010 0.000010 0.000010 0.000010
0.326578 0.190185 0.061871 0.000010 0.000010 0.072476 0.109453 0.140482 0.052019 0.046916
0.150531 0.378489 0.177148 0.000010 0.026299 0.144769 0.000010 0.000010 0.084841 0.037893
0.077777 0.388523 0.000010 0.257131 0.050972 0.126562 0.006397 0.026268 0.001838 0.064522
0.121322 0.432029 0.132514 0.000010 0.018170 0.235936 0.000010 0.000010 0.000010 0.059989
0.420168 0.075293 0.138326 0.000010 0.000010 0.366154 0.000010 0.000010 0.000010 0.000010
0.000010 0.000010 0.203855 0.000010 0.000010 0.425667 0.026651 0.000010 0.343767 0.000010
0.025049 0.066814 0.251706 0.000010 0.008635 0.508274 0.017604 0.000010 0.116478 0.005420
0.114649 0.026498 0.170415 0.027988 0.004444 0.496063 0.023055 0.000010 0.136868 0.000010
0.000010 0.000010 0.999908 0.000010 0.000010 0.000010 0.000012 0.000010 0.000010 0.000010
0.023255 0.000010 0.598659 0.374382 0.000010 0.000010 0.000010 0.000010 0.003645 0.000010
0.000010 0.000010 0.325739 0.000010 0.000010 0.572125 0.068173 0.000010 0.033903 0.000010
0.000010 0.000010 0.000010 0.468043 0.000010 0.531877 0.000010 0.000010 0.000010 0.000010
0.000010 0.000010 0.060836 0.939084 0.000010 0.000010 0.000010 0.000010 0.000010 0.000010
0.000010 0.000010 0.000010 0.445620 0.000010 0.554300 0.000010 0.000010 0.000010 0.000010
0.019514 0.000010 0.000010 0.453721 0.000010 0.526695 0.000010 0.000010 0.000010 0.000010
0.000010 0.000010 0.342759 0.000010 0.000010 0.648911 0.000010 0.000010 0.008260 0.000010
0.000010 0.000010 0.000017 0.999903 0.000010 0.000010 0.000010 0.000010 0.000010 0.000010
0.000010 0.012684 0.190949 0.000010 0.000010 0.330632 0.006128 0.000010 0.442359 0.017209
0.000010 0.000010 0.320315 0.679605 0.000010 0.000010 0.000010 0.000010 0.000010 0.000010
0.000010 0.000010 0.286961 0.000010 0.000010 0.670647 0.000010 0.001445 0.040888 0.000010
0.030284 0.024403 0.190450 0.000010 0.000299 0.485005 0.044359 0.023136 0.202045 0.000010
0.013410 0.000010 0.069227 0.056892 0.000010 0.402528 0.030402 0.019548 0.407963 0.000010
0.000010 0.000010 0.145101 0.000010 0.000010 0.311242 0.000010 0.000010 0.543587 0.000010
0.000010 0.000010 0.157081 0.842839 0.000010 0.000010 0.000010 0.000010 0.000010 0.000010
0.000010 0.000010 0.136049 0.863871 0.000010 0.000010 0.000010 0.000010 0.000010 0.000010
0.000010 0.000010 0.245985 0.000010 0.000010 0.721402 0.000010 0.000010 0.020692 0.011861
0.000010 0.000010 0.345057 0.000010 0.000010 0.654863 0.000010 0.000010 0.000010 0.000010
0.032771 0.004074 0.294465 0.000010 0.000010 0.666515 0.000010 0.002125 0.000010 0.000010
0.000010 0.000010 0.282680 0.000010 0.000010 0.642768 0.000010 0.000010 0.074482 0.000010
0.000010 0.000010 0.242820 0.000010 0.000010 0.705836 0.000706 0.014828 0.035760 0.000010
0.000010 0.000010 0.386537 0.000010 0.000010 0.602157 0.000010 0.000010 0.011236 0.000010
0.000010 0.000010 0.123421 0.105248 0.000010 0.759432 0.000010 0.000010 0.011840 0.000010
0.056866 0.000010 0.318086 0.000010 0.000010 0.506221 0.000010 0.000010 0.113883 0.004895
0.000010 0.000010 0.229716 0.770204 0.000010 0.000010 0.000010 0.000010 0.000010 0.000010
0.015377 0.014749 0.232008 0.000010 0.019319 0.599276 0.004575 0.003900 0.107756 0.003030
0.000010 0.000010 0.106901 0.761364 0.000010 0.000010 0.000010 0.000010 0.131665 0.000010
0.058393 0.113923 0.226047 0.000010 0.000010 0.583001 0.007003 0.000010 0.011593 0.000010
0.361398 0.007769 0.213861 0.000010 0.000010 0.416913 0.000010 0.000010 0.000010 0.000010
0.035853 0.047512 0.632423 0.186365 0.000010 0.083832 0.009331 0.000010 0.000010 0.004654
0.000010 0.000010 0.801232 0.198688 0.000010 0.000010 0.000010 0.000010 0.000010 0.000010
0.000010 0.000010 0.475154 0.346488 0.000010 0.166367 0.000010 0.000010 0.011931 0.000010
0.000010 0.016392 0.202234 0.038625 0.004665 0.668445 0.000010 0.011850 0.045231 0.012538
0.000010 0.000010 0.999910 0.000010 0.000010 0.000010 0.000010 0.000010 0.000010 0.000010
0.000010 0.000012 0.264382 0.693532 0.000010 0.000010 0.000010 0.042014 0.000010 0.000010
0.086224 0.229473 0.209889 0.000010 0.012629 0.321455 0.112306 0.000749 0.000010 0.027255
0.376851 0.046382 0.048265 0.528443 0.000010 0.000010 0.000010 0.000010 0.000010 0.000010
0.288340 0.072133 0.177530 0.000010 0.017023 0.444924 0.000010 0.000010 0.000010 0.000010
0.017534 0.090164 0.154319 0.679805 0.000010 0.033158 0.000010 0.000010 0.000010 0.024980
0.034057 0.000010 0.321088 0.000010 0.000010 0.644785 0.000010 0.000010 0.000010 0.000010
0.319563 0.175837 0.113546 0.000010 0.001933 0.370889 0.000010 0.000010 0.000010 0.018192
0.441916 0.050545 0.124447 0.000010 0.000010 0.383033 0.000010 0.000010 0.000010 0.000010
0.020072 0.271427 0.316573 0.000010 0.000010 0.386706 0.000010 0.005172 0.000010 0.000010
0.675887 0.110940 0.213103 0.000010 0.000010 0.000010 0.000010 0.000010 0.000010 0.000010
0.734265 0.172457 0.082894 0.000010 0.000010 0.000010 0.000010 0.000010 0.000010 0.010324
0.028450 0.149917 0.374122 0.219944 0.036191 0.149089 0.022222 0.000010 0.000010 0.020045
0.000010 0.000010 0.152262 0.015349 0.004050 0.457275 0.078601 0.009428 0.283004 0.000010
0.066965 0.003400 0.086675 0.759047 0.003290 0.020252 0.019250 0.002804 0.038308 0.000010
0.009227 0.000010 0.149630 0.037351 0.005754 0.566754 0.092189 0.000010 0.139065 0.000010
0.000010 0.052796 0.000010 0.442080 0.003933 0.457316 0.003391 0.000010 0.040319 0.000136
0.053284 0.148224 0.078560 0.150504 0.000010 0.544589 0.000010 0.000010 0.000461 0.024347
0.069145 0.118407 0.096293 0.039328 0.019882 0.641354 0.000657 0.007102 0.000010 0.007822
0.051878 0.100738 0.331195 0.000010 0.000010 0.491215 0.000010 0.000146 0.010715 0.014083
0.000010 0.148838 0.044816 0.362953 0.000010 0.409494 0.012581 0.020401 0.000010 0.000887
0.017022 0.204517 0.184014 0.534359 0.000010 0.000010 0.000010 0.016754 0.000010 0.043294
0.048915 0.048893 0.049724 0.450580 0.000010 0.000010 0.000010 0.000010 0.401837 0.000010
0.008398 0.070009 0.156744 0.002713 0.026143 0.485746 0.015191 0.000010 0.235036 0.000010
0.021005 0.033287 0.144640 0.044589 0.037686 0.625484 0.011243 0.023123 0.049750 0.009192
0.000010 0.000010 0.266863 0.000010 0.000010 0.733057 0.000010 0.000010 0.000010 0.000010
0.302842 0.164775 0.190954 0.000010 0.000010 0.336998 0.000010 0.000010 0.004380 0.000010
0.000010 0.000010 0.145705 0.047186 0.000010 0.785119 0.000010 0.000010 0.021929 0.000010
0.000010 0.000010 0.247976 0.122084 0.000010 0.612007 0.000010 0.000010 0.017873 0.000010
0.000010 0.000010 0.288691 0.000010 0.000010 0.230916 0.000010 0.000010 0.480324 0.000010
0.000010 0.000010 0.145516 0.854404 0.000010 0.000010 0.000010 0.000010 0.000010 0.000010
0.000010 0.000010 0.257113 0.000010 0.000010 0.742807 0.000010 0.000010 0.000010 0.000010
0.000010 0.000010 0.287814 0.000010 0.000010 0.695046 0.000010 0.000010 0.017070 0.000010
0.000010 0.000010 0.239818 0.000010 0.000010 0.744610 0.000010 0.000010 0.015502 0.000010
0.000010 0.000012 0.999908 0.000010 0.000010 0.000010 0.000010 0.000010 0.000010 0.000010
0.000010 0.000010 0.189826 0.053429 0.000010 0.756675 0.000010 0.000010 0.000010 0.000010
0.000010 0.000010 0.112062 0.748908 0.000010 0.138960 0.000010 0.000010 0.000010 0.000010
0.000010 0.000010 0.110257 0.000010 0.000010 0.000010 0.000010 0.000010 0.889663 0.000010
0.000010 0.000010 0.232315 0.006036 0.000010 0.761579 0.000010 0.000010 0.000010 0.000010
0.000010 0.000010 0.228258 0.000010 0.000010 0.524170 0.000010 0.000010 0.247502 0.000010
0.000010 0.000010 0.000010 0.000010 0.000010 0.000015 0.000010 0.000010 0.999905 0.000010
0.000010 0.000010 0.143839 0.597912 0.000010 0.000010 0.251146 0.000010 0.000010 0.007042
0.000010 0.000010 0.498216 0.408965 0.000010 0.000010 0.000010 0.000010 0.092749 0.000010
0.000010 0.000010 0.111071 0.090253 0.000010 0.204176 0.000010 0.000010 0.594440 0.000010
0.000010 0.000010 0.212383 0.619616 0.000010 0.000010 0.000010 0.000010 0.167931 0.000010
0.000010 0.000010 0.118337 0.837306 0.000010 0.000010 0.000010 0.000010 0.044286 0.000010
0.000010 0.000010 0.623063 0.237740 0.000010 0.000010 0.000010 0.000010 0.139127 0.000010
0.000010 0.000010 0.999910 0.000010 0.000010 0.000010 0.000010 0.000010 0.000010 0.000010
0.000010 0.000010 0.503003 0.385634 0.000012 0.000010 0.000016 0.000010 0.111284 0.000010
0.000010 0.000010 0.016028 0.205693 0.000010 0.250900 0.027090 0.000010 0.500239 0.000010
0.000010 0.000010 0.254084 0.682634 0.000010 0.000010 0.000010 0.000010 0.063212 0.000010
0.000010 0.000010 0.000010 0.000010 0.000010 0.000010 0.000010 0.000010 0.999910 0.000010
0.000010 0.000010 0.313435 0.000010 0.000010 0.275254 0.008031 0.000010 0.403219 0.000010
0.000010 0.000010 0.999896 0.000010 0.000011 0.000010 0.000018 0.000010 0.000015 0.000010
0.016721 0.066942 0.243959 0.000010 0.000010 0.672318 0.000010 0.000010 0.000010 0.000010
0.091496 0.113957 0.161946 0.000010 0.005087 0.622443 0.001347 0.000010 0.000010 0.003693
0.000010 0.000010 0.084524 0.915396 0.000010 0.000010 0.000010 0.000010 0.000010 0.000010
0.000010 0.000010 0.999910 0.000010 0.000010 0.000010 0.000010 0.000010 0.000010 0.000010
0.022240 0.046842 0.147817 0.071480 0.018522 0.627103 0.000010 0.000010 0.059737 0.006238
0.031836 0.115437 0.188619 0.000010 0.000010 0.464927 0.000010 0.000010 0.199130 0.000010
0.029940 0.073951 0.128962 0.000010 0.000010 0.474489 0.000010 0.000010 0.265373 0.027244
0.010793 0.086022 0.191339 0.000010 0.000010 0.518041 0.003533 0.000010 0.190232 0.000010
0.000010 0.020784 0.236665 0.025436 0.000010 0.633654 0.000010 0.021662 0.061759 0.000010
0.000010 0.080558 0.188615 0.000010 0.000010 0.478018 0.003289 0.000010 0.219432 0.030048
0.000010 0.000010 0.000010 0.349069 0.000010 0.159584 0.000010 0.000010 0.491276 0.000010
0.000010 0.000010 0.118847 0.000010 0.000010 0.296003 0.000010 0.000010 0.580891 0.004199
0.003530 0.031286 0.105331 0.105835 0.031071 0.648743 0.000012 0.000010 0.047108 0.027073
0.115178 0.094296 0.198483 0.015205 0.008501 0.444546 0.000010 0.000010 0.123761 0.000010
0.000010 0.030963 0.209096 0.000010 0.013359 0.595909 0.000010 0.013061 0.117014 0.020568
0.000010 0.039152 0.251665 0.000010 0.008445 0.519428 0.000010 0.000010 0.181259 0.000010
0.000010 0.005960 0.137026 0.664718 0.020501 0.000010 0.000010 0.000010 0.171746 0.000010
0.000010 0.028098 0.319035 0.000010 0.001308 0.392835 0.013524 0.004655 0.240516 0.000010
0.004747 0.077009 0.095603 0.000010 0.016354 0.408543 0.003777 0.000010 0.381284 0.012664
0.000010 0.000010 0.255172 0.000010 0.000010 0.354733 0.000010 0.000010 0.390026 0.000010
0.016925 0.067805 0.206704 0.000010 0.020055 0.515772 0.000010 0.005541 0.167168 0.000010
0.000011 0.000010 0.999909 0.000010 0.000010 0.000010 0.000010 0.000010 0.000010 0.000010
0.011824 0.067624 0.134076 0.000010 0.000010 0.106971 0.000010 0.000010 0.679455 0.000010
0.000010 0.000010 0.000010 0.000010 0.000010 0.000010 0.000010 0.000010 0.999910 0.000010
0.000010 0.000010 0.610676 0.276490 0.000010 0.099433 0.000010 0.000010 0.013341 0.000010
0.038331 0.014427 0.149841 0.000010 0.017594 0.757025 0.012062 0.000010 0.010690 0.000010
0.002116 0.000010 0.117707 0.759951 0.000010 0.105852 0.000010 0.001344 0.011855 0.001145
0.014953 0.012550 0.176163 0.094528 0.000010 0.654116 0.000010 0.000010 0.047650 0.000010
0.042882 0.003764 0.116479 0.024380 0.023662 0.752037 0.020311 0.000010 0.016466 0.000010
0.014926 0.000010 0.210054 0.000010 0.010187 0.526063 0.032900 0.017591 0.188248 0.000010
0.003132 0.011763 0.187552 0.056858 0.000752 0.692688 0.000010 0.008107 0.039128 0.000010
0.000010 0.000010 0.307333 0.000010 0.000010 0.422176 0.054779 0.004612 0.209303 0.001757
0.011871 0.000010 0.105048 0.794406 0.000010 0.036054 0.000010 0.001009 0.051571 0.000010
0.000010 0.000010 0.999910 0.000010 0.000010 0.000010 0.000010 0.000010 0.000010 0.000010
0.068814 0.000010 0.125538 0.000010 0.000010 0.000010 0.000010 0.000010 0.805578 0.000010
0.142557 0.058759 0.098276 0.000010 0.000010 0.155911 0.000010 0.000010 0.544448 0.000010
0.018919 0.121382 0.150997 0.656578 0.012969 0.000010 0.000010 0.000010 0.020603 0.018523
0.017433 0.000010 0.228999 0.000010 0.000010 0.449116 0.000010 0.000010 0.304392 0.000010
0.000010 0.000010 0.259044 0.417200 0.000010 0.000010 0.000010 0.000010 0.323685 0.000010
0.000010 0.000010 0.276198 0.000010 0.000010 0.000010 0.000010 0.000010 0.723722 0.000010
0.413176 0.000010 0.219511 0.367242 0.000010 0.000010 0.000010 0.000010 0.000010 0.000010
0.000011 0.000012 0.999906 0.000010 0.000010 0.000010 0.000010 0.000011 0.000010 0.000010
0.033216 0.011689 0.128668 0.060623 0.010281 0.668243 0.003218 0.008581 0.065940 0.009541
0.000010 0.000010 0.360207 0.000010 0.000010 0.597550 0.000010 0.000010 0.042173 0.000010
0.000010 0.087849 0.398351 0.000010 0.000010 0.441651 0.000010 0.000010 0.072090 0.000010
0.000010 0.040447 0.514891 0.000010 0.000010 0.317433 0.000010 0.000010 0.126681 0.000498
0.000010 0.000010 0.999910 0.000010 0.000010 0.000010 0.000010 0.000010 0.000010 0.000010
0.005793 0.064007 0.352888 0.000010 0.000010 0.426466 0.000010 0.000010 0.150795 0.000010
0.000010 0.023177 0.372717 0.000010 0.000010 0.452695 0.000010 0.000010 0.146308 0.005053
0.010403 0.078208 0.174496 0.000010 0.014026 0.535146 0.011201 0.007562 0.150148 0.018800
0.017634 0.120355 0.118648 0.009167 0.014475 0.528224 0.005004 0.010309 0.156645 0.019538
0.334344 0.046548 0.198628 0.000010 0.000010 0.420420 0.000010 0.000010 0.000010 0.000010
0.000010 0.098285 0.341141 0.000010 0.000010 0.451705 0.001286 0.000010 0.101054 0.006489
0.020820 0.074892 0.196663 0.000010 0.000010 0.474975 0.000010 0.000010 0.232600 0.000010
0.000010 0.046513 0.293465 0.000010 0.000010 0.443301 0.000010 0.000010 0.216661 0.000010
0.015016 0.069974 0.269216 0.000010 0.000010 0.501338 0.004177 0.000010 0.140239 0.000010
0.000010 0.103462 0.143951 0.000010 0.013206 0.543820 0.000779 0.000543 0.185351 0.008868
0.045245 0.255009 0.255337 0.000010 0.000010 0.377803 0.000699 0.024328 0.004783 0.036776
0.000010 0.000010 0.000010 0.000010 0.000010 0.000010 0.000010 0.000010 0.999910 0.000010
0.000010 0.000010 0.000010 0.086194 0.000010 0.000010 0.000010 0.000010 0.913726 0.000010
0.000010 0.000010 0.000010 0.000010 0.000010 0.000010 0.000010 0.000010 0.999910 0.000010
0.030498 0.047667 0.173363 0.000010 0.000454 0.557078 0.048048 0.000010 0.088755 0.054118
0.015005 0.032109 0.119224 0.727340 0.025839 0.053509 0.001232 0.013092 0.000010 0.012639
0.079231 0.148111 0.167763 0.000010 0.000010 0.585919 0.018927 0.000010 0.000010 0.000010
0.016835 0.028014 0.184863 0.034422 0.000010 0.682478 0.000010 0.002479 0.040464 0.010425
0.033379 0.218389 0.172000 0.000010 0.000010 0.539895 0.025523 0.005641 0.005142 0.000010
0.016333 0.161292 0.070721 0.085866 0.017695 0.536217 0.004834 0.000010 0.071703 0.035329
0.000010 0.000010 0.205250 0.000010 0.000010 0.763458 0.000010 0.008631 0.022600 0.000010
0.000010 0.000010 0.308944 0.000010 0.000010 0.690976 0.000010 0.000010 0.000010 0.000010
0.057993 0.108085 0.254408 0.000010 0.026269 0.523881 0.006862 0.000273 0.010650 0.011568
0.041904 0.197922 0.118006 0.000010 0.000490 0.587150 0.029732 0.009715 0.000010 0.015060
0.000010 0.000010 0.155186 0.034688 0.000010 0.777413 0.000010 0.000010 0.032652 0.000010
0.032821 0.000010 0.196918 0.000010 0.000010 0.750591 0.000010 0.000010 0.017068 0.002552
0.025973 0.000010 0.142359 0.168911 0.000010 0.654899 0.000010 0.003123 0.004695 0.000010
0.026653 0.038176 0.171731 0.037228 0.000963 0.655827 0.000010 0.000010 0.069392 0.000010
0.000010 0.000010 0.042021 0.750025 0.000010 0.207884 0.000010 0.000010 0.000010 0.000010
0.000010 0.000010 0.129966 0.762991 0.000010 0.093799 0.000010 0.006969 0.006226 0.000010
0.078407 0.206434 0.083438 0.052961 0.007163 0.526090 0.012883 0.000010 0.021384 0.011230
0.003872 0.017558 0.166982 0.063138 0.000010 0.684983 0.004005 0.000010 0.059431 0.000010
0.000010 0.000010 0.223587 0.000010 0.000048 0.743202 0.000010 0.000010 0.033104 0.000010
0.000010 0.000010 0.223677 0.000010 0.000010 0.742078 0.000010 0.000010 0.034175 0.000010
0.023683 0.080869 0.294834 0.000010 0.000010 0.578009 0.000010 0.016326 0.006238 0.000010
0.089524 0.093314 0.280916 0.000010 0.000010 0.535818 0.000377 0.000010 0.000010 0.000010
0.047129 0.128434 0.233201 0.000010 0.002740 0.584969 0.000010 0.000010 0.003486 0.000010
0.000010 0.000010 0.345533 0.000010 0.000010 0.654387 0.000010 0.000010 0.000010 0.000010
0.000010 0.000010 0.252082 0.528867 0.000010 0.000010 0.000010 0.000010 0.218981 0.000010
0.000010 0.000010 0.089544 0.285194 0.000010 0.000010 0.000010 0.000010 0.625192 0.000010
0.000010 0.000010 0.254975 0.560989 0.000010 0.000010 0.000010 0.000010 0.183966 0.000010
0.000010 0.000010 0.246245 0.541844 0.000010 0.000010 0.000010 0.000010 0.211841 0.000010
0.000010 0.000010 0.848428 0.000010 0.000010 0.000010 0.000010 0.000010 0.151492 0.000010
0.000010 0.000010 0.999910 0.000010 0.000010 0.000010 0.000010 0.000010 0.000010 0.000010
0.000010 0.000010 0.867345 0.132575 0.000010 0.000010 0.000010 0.000010 0.000010 0.000010
0.000010 0.000010 0.183762 0.816158 0.000010 0.000010 0.000010 0.000010 0.000010 0.000010
0.000010 0.000010 0.644840 0.233607 0.000010 0.121483 0.000010 0.000010 0.000010 0.000010
0.000010 0.000010 0.684072 0.172046 0.000010 0.143812 0.000010 0.000010 0.000010 0.000010
0.000010 0.000011 0.999909 0.000010 0.000010 0.000010 0.000010 0.000010 0.000010 0.000010
0.000010 0.000010 0.999907 0.000010 0.000010 0.000010 0.000013 0.000010 0.000010 0.000010
0.000010 0.000010 0.999910 0.000010 0.000010 0.000010 0.000010 0.000010 0.000010 0.000010
0.000010 0.000010 0.661922 0.236894 0.000010 0.088670 0.000010 0.000010 0.012455 0.000010
0.000010 0.000010 0.303431 0.000010 0.000010 0.644926 0.007221 0.000010 0.044362 0.000010
0.000010 0.000010 0.751229 0.248689 0.000010 0.000010 0.000010 0.000012 0.000010 0.000010
0.000010 0.000010 0.306504 0.008340 0.000010 0.656257 0.000010 0.000010 0.028839 0.000010
0.000010 0.000010 0.210580 0.789340 0.000010 0.000010 0.000010 0.000010 0.000010 0.000010
0.000010 0.000010 0.265471 0.000010 0.000010 0.705148 0.000010 0.000010 0.029311 0.000010
0.000010 0.000010 0.286598 0.713322 0.000010 0.000010 0.000010 0.000010 0.000010 0.000010
0.000010 0.000010 0.832404 0.167516 0.000010 0.000010 0.000010 0.000010 0.000010 0.000010
0.000010 0.000010 0.279265 0.000010 0.000010 0.663502 0.000010 0.006870 0.050302 0.000010
0.000010 0.000010 0.305123 0.000010 0.000010 0.674867 0.000010 0.000010 0.019940 0.000010
0.075400 0.092121 0.141645 0.004676 0.038317 0.593388 0.008870 0.020094 0.018832 0.006658
0.071847 0.106097 0.232955 0.000010 0.027260 0.538268 0.010532 0.004568 0.005699 0.002765
0.038930 0.158097 0.266762 0.000010 0.002459 0.513390 0.016195 0.000010 0.000010 0.004137
0.062898 0.063459 0.228342 0.625690 0.014543 0.000010 0.000010 0.000010 0.000010 0.005028
0.085190 0.191036 0.068886 0.043881 0.022334 0.530811 0.025769 0.000010 0.025300 0.006783
0.011660 0.007169 0.000010 0.481814 0.017008 0.434720 0.009914 0.000010 0.020483 0.017213
0.000010 0.000010 0.363238 0.000010 0.000010 0.599358 0.000010 0.000010 0.037334 0.000010
0.000010 0.000010 0.354202 0.000010 0.000010 0.597870 0.000010 0.002939 0.044929 0.000010
0.000010 0.000010 0.245162 0.754758 0.000010 0.000010 0.000010 0.000010 0.000010 0.000010
0.000010 0.000010 0.999910 0.000010 0.000010 0.000010 0.000010 0.000010 0.000010 0.000010
0.000010 0.000010 0.178161 0.729808 0.000010 0.091961 0.000010 0.000010 0.000010 0.000010
0.000010 0.000010 0.235359 0.009065 0.006175 0.680107 0.000010 0.000010 0.069244 0.000010
0.000010 0.000010 0.197125 0.802795 0.000010 0.000010 0.000010 0.000010 0.000010 0.000010
0.018391 0.068145 0.219203 0.000010 0.006328 0.589645 0.015590 0.000010 0.082668 0.000010
0.042234 0.028385 0.128868 0.125431 0.000010 0.593970 0.017953 0.000010 0.043237 0.019901
0.022196 0.009562 0.266367 0.000010 0.015791 0.659047 0.000010 0.000010 0.026997 0.000010
0.000881 0.016845 0.266300 0.013769 0.000010 0.674052 0.000010 0.000010 0.027723 0.000400
0.000994 0.000010 0.121309 0.788927 0.025245 0.019425 0.000010 0.000010 0.044060 0.000010
0.000010 0.000010 0.137673 0.673628 0.000010 0.000010 0.004682 0.000010 0.183956 0.000010
0.006793 0.028648 0.164880 0.018648 0.006993 0.546319 0.030355 0.024521 0.172834 0.000010
0.000010 0.130533 0.177868 0.000010 0.000010 0.374853 0.014939 0.014192 0.287574 0.000010
0.065069 0.146730 0.137360 0.000010 0.000010 0.613931 0.023462 0.006848 0.000010 0.006570
0.000010 0.000010 0.184252 0.815668 0.000010 0.000010 0.000010 0.000010 0.000010 0.000010
0.000010 0.000010 0.238283 0.000010 0.000010 0.739743 0.000010 0.000010 0.021904 0.000010
0.000010 0.000010 0.725841 0.132308 0.000010 0.051436 0.000010 0.000010 0.090355 0.000010
0.014665 0.006957 0.215567 0.020639 0.000010 0.694206 0.001625 0.000010 0.032196 0.014125
0.000010 0.000010 0.255412 0.715831 0.000346 0.000010 0.000010 0.010420 0.017941 0.000010
0.025971 0.005122 0.040476 0.703867 0.000010 0.204618 0.011036 0.000010 0.008880 0.000010
0.000010 0.000010 0.598013 0.277219 0.000010 0.079196 0.000010 0.000010 0.045512 0.000010
0.000010 0.000010 0.253748 0.000138 0.000010 0.711681 0.000010 0.000010 0.034373 0.000010
0.000010 0.000010 0.266832 0.047474 0.000010 0.632062 0.013219 0.000010 0.040362 0.000010
0.000010 0.000010 0.037977 0.424668 0.000010 0.523358 0.000010 0.000010 0.013937 0.000010
0.017008 0.000010 0.155608 0.045198 0.000010 0.742851 0.000010 0.000010 0.027542 0.011753
0.022998 0.000010 0.234345 0.000010 0.000010 0.709710 0.000010 0.000576 0.029331 0.002999
0.000010 0.000010 0.091382 0.894067 0.000010 0.014481 0.000010 0.000010 0.000010 0.000010
0.000010 0.000010 0.450493 0.000010 0.000010 0.514516 0.001552 0.007685 0.025704 0.000010
0.000010 0.064809 0.545802 0.190280 0.000010 0.000010 0.000010 0.000010 0.199048 0.000010
0.000010 0.000010 0.353438 0.000010 0.000010 0.603707 0.000010 0.000010 0.042785 0.000010
0.000010 0.000010 0.198516 0.573027 0.228387 0.000010 0.000010 0.000010 0.000010 0.000010
0.000010 0.000010 0.000010 0.000010 0.000010 0.000010 0.999910 0.000010 0.000010 0.000010
0.009288 0.745002 0.183538 0.000010 0.000010 0.000010 0.024093 0.000010 0.000010 0.038029
0.000010 0.267770 0.000010 0.012736 0.100205 0.000010 0.000010 0.000010 0.000010 0.619229
0.092164 0.000010 0.000010 0.000010 0.000010 0.000010 0.111708 0.000010 0.000010 0.796058
0.233927 0.183843 0.227460 0.000010 0.073621 0.055258 0.209224 0.003689 0.000010 0.012958
0.055616 0.129546 0.080485 0.250138 0.220768 0.000010 0.263406 0.000010 0.000010 0.000010
0.000010 0.000010 0.000010 0.000013 0.000010 0.000010 0.999907 0.000010 0.000010 0.000010
0.059067 0.142328 0.000010 0.130342 0.000010 0.000010 0.551768 0.000010 0.000010 0.116445
0.000010 0.000010 0.000010 0.000010 0.999910 0.000010 0.000010 0.000010 0.000010 0.000010
0.000010 0.000010 0.039779 0.000010 0.458989 0.000010 0.501161 0.000010 0.000010 0.000010
0.000010 0.000010 0.999910 0.000010 0.000010 0.000010 0.000010 0.000010 0.000010 0.000010
0.081366 0.450153 0.032648 0.000010 0.086446 0.216498 0.063669 0.020142 0.000010 0.049058
0.059830 0.311122 0.011385 0.036524 0.172993 0.347733 0.023592 0.004820 0.006279 0.025720
0.000010 0.000010 0.000010 0.678839 0.321081 0.000010 0.000010 0.000010 0.000010 0.000010
0.136350 0.256301 0.014292 0.432659 0.080395 0.000010 0.006755 0.000010 0.000010 0.073218
0.020281 0.049827 0.173521 0.000010 0.000010 0.234140 0.498468 0.000010 0.009564 0.014169
0.003118 0.195838 0.127114 0.000010 0.271005 0.393050 0.000010 0.000010 0.000010 0.009836
0.178109 0.000010 0.000010 0.000010 0.000013 0.000010 0.086096 0.000013 0.000010 0.735720
0.424956 0.281624 0.212389 0.000010 0.000010 0.060597 0.012657 0.000010 0.000010 0.007736
0.788190 0.000010 0.000010 0.000010 0.000010 0.063937 0.000010 0.000010 0.147803 0.000010
0.763320 0.000010 0.090823 0.000010 0.000010 0.043991 0.000010 0.000010 0.101806 0.000010
0.659631 0.000010 0.000010 0.325986 0.000010 0.000010 0.000010 0.000010 0.014313 0.000010
0.803992 0.000010 0.073330 0.000010 0.000010 0.007572 0.000010 0.000010 0.115046 0.000010
0.849849 0.000010 0.054833 0.000010 0.000010 0.000010 0.000010 0.000010 0.095247 0.000010
0.671956 0.000010 0.166160 0.000010 0.000010 0.080504 0.000010 0.000010 0.081319 0.000010
0.765268 0.000010 0.153343 0.000010 0.000010 0.010953 0.000010 0.000010 0.070376 0.000010
0.862494 0.000010 0.080971 0.000010 0.000010 0.000010 0.000010 0.000010 0.056465 0.000010
0.857801 0.000010 0.035118 0.000010 0.000010 0.000010 0.000010 0.000010 0.107011 0.000010
0.632262 0.000010 0.108703 0.000010 0.012642 0.138984 0.000010 0.000010 0.107359 0.000010
0.511641 0.142952 0.099480 0.000010 0.009994 0.222817 0.000010 0.000010 0.004694 0.008392
0.710162 0.000010 0.165083 0.000012 0.000010 0.051087 0.000010 0.000010 0.073606 0.000010
0.999906 0.000014 0.000010 0.000010 0.000010 0.000010 0.000010 0.000010 0.000010 0.000010
0.772107 0.000010 0.072221 0.000010 0.000010 0.060030 0.000010 0.000010 0.095582 0.000010
0.276140 0.033812 0.264246 0.408078 0.000010 0.000010 0.000010 0.000010 0.000010 0.017675
0.187217 0.079766 0.361895 0.000010 0.000010 0.307520 0.000010 0.000010 0.041719 0.021843
0.282038 0.000010 0.349504 0.368387 0.000010 0.000010 0.000010 0.000010 0.000010 0.000010
0.312823 0.081309 0.277253 0.000010 0.000010 0.270663 0.013641 0.001675 0.042605 0.000010
0.341938 0.125811 0.221054 0.000010 0.000010 0.246243 0.011011 0.000010 0.049425 0.004488
0.356998 0.189940 0.172962 0.000010 0.010580 0.268440 0.001039 0.000010 0.000010 0.000010
0.304999 0.060463 0.292799 0.000010 0.000010 0.266879 0.000010 0.000010 0.074809 0.000010
0.322710 0.004596 0.248890 0.000010 0.000010 0.275493 0.000010 0.000010 0.148261 0.000010
0.221414 0.085661 0.273307 0.000010 0.000010 0.274533 0.000010 0.000010 0.142409 0.002636
0.000010 0.435269 0.410028 0.000010 0.000010 0.148904 0.000010 0.000010 0.000010 0.005739
0.000010 0.378792 0.408347 0.000010 0.000010 0.206421 0.000010 0.000010 0.000010 0.006381
0.000010 0.330745 0.433592 0.000010 0.000010 0.221463 0.000690 0.000010 0.000010 0.013460
0.000010 0.392317 0.406955 0.000010 0.000010 0.187823 0.005421 0.000010 0.000010 0.007435
0.030089 0.338843 0.412062 0.000010 0.000010 0.187436 0.004266 0.000010 0.000010 0.027262
0.690842 0.000010 0.164574 0.000010 0.000010 0.068494 0.000010 0.000010 0.076030 0.000010
0.000010 0.344666 0.431198 0.000010 0.000010 0.224065 0.000010 0.000010 0.000010 0.000010
0.000010 0.425128 0.420642 0.000010 0.000010 0.154161 0.000010 0.000010 0.000010 0.000010
0.001339 0.455569 0.308207 0.000010 0.000010 0.231385 0.000010 0.000010 0.000010 0.003450
0.000010 0.382243 0.335455 0.274447 0.000010 0.000010 0.000010 0.000010 0.000010 0.007795
0.065639 0.247343 0.267981 0.000010 0.000010 0.220719 0.144844 0.000010 0.000010 0.053434
0.034148 0.225082 0.145192 0.375951 0.000010 0.000010 0.134369 0.000010 0.000010 0.085217
0.091126 0.361463 0.242688 0.000010 0.022514 0.261447 0.010921 0.000010 0.000010 0.009810
0.013100 0.506184 0.102713 0.318830 0.000010 0.000010 0.011419 0.000010 0.000010 0.047715
0.012676 0.408534 0.374962 0.000010 0.000010 0.101776 0.016841 0.000010 0.011172 0.074010
0.831881 0.010125 0.157924 0.000010 0.000010 0.000010 0.000010 0.000010 0.000010 0.000010
0.733204 0.000011 0.117130 0.000010 0.000010 0.014140 0.000010 0.000014 0.135461 0.000010
0.739091 0.089841 0.090941 0.000010 0.000010 0.080067 0.000010 0.000010 0.000010 0.000010
0.842487 0.000010 0.157433 0.000010 0.000010 0.000010 0.000010 0.000010 0.000010 0.000010
0.867394 0.000010 0.000010 0.132526 0.000010 0.000010 0.000010 0.000010 0.000010 0.000010
0.854198 0.000010 0.000010 0.145722 0.000010 0.000010 0.000010 0.000010 0.000010 0.000010
0.601538 0.064752 0.162407 0.000010 0.005554 0.146593 0.000010 0.004795 0.010042 0.004298
0.863065 0.044429 0.009277 0.000010 0.000355 0.077017 0.000010 0.005817 0.000010 0.000010
0.000010 0.615284 0.220581 0.000010 0.000010 0.119954 0.000779 0.000010 0.007972 0.035391
0.000010 0.603567 0.230634 0.143337 0.000010 0.000010 0.000010 0.000010 0.000010 0.022402
0.000010 0.584165 0.300143 0.000010 0.000010 0.077597 0.003685 0.000010 0.000010 0.034361
0.055177 0.652986 0.142102 0.000010 0.000010 0.112307 0.000010 0.000010 0.006320 0.031068
0.835484 0.000010 0.051886 0.000010 0.000010 0.000010 0.000010 0.000010 0.112560 0.000010
0.042851 0.474705 0.148174 0.000010 0.002883 0.087843 0.162955 0.019460 0.000010 0.061109
0.740843 0.036371 0.121267 0.000010 0.000010 0.095838 0.000010 0.000010 0.000010 0.005630
0.755243 0.035696 0.063553 0.000010 0.000010 0.089764 0.000010 0.000010 0.000010 0.055694
0.999905 0.000010 0.000010 0.000010 0.000010 0.000010 0.000015 0.000010 0.000010 0.000010
0.999910 0.000010 0.000010 0.000010 0.000010 0.000010 0.000010 0.000010 0.000010 0.000010
0.981320 0.000010 0.018593 0.000010 0.000017 0.000010 0.000010 0.000010 0.000010 0.000010
0.932664 0.000010 0.067256 0.000010 0.000010 0.000010 0.000010 0.000010 0.000010 0.000010
0.849274 0.000010 0.081617 0.000010 0.000010 0.000010 0.000010 0.000010 0.069038 0.000010
0.117665 0.649150 0.074066 0.000010 0.000010 0.149383 0.009686 0.000010 0.000010 0.000010
0.105665 0.664833 0.028606 0.000010 0.009408 0.182988 0.004094 0.000010 0.000010 0.004376
0.000010 0.704391 0.021762 0.273777 0.000010 0.000010 0.000010 0.000011 0.000010 0.000010
0.000010 0.581926 0.155540 0.262464 0.000010 0.000010 0.000010 0.000010 0.000010 0.000010
0.000010 0.271420 0.728500 0.000010 0.000010 0.000010 0.000010 0.000010 0.000010 0.000010
0.000010 0.791849 0.208071 0.000010 0.000010 0.000010 0.000010 0.000010 0.000010 0.000010
0.000010 0.677590 0.110506 0.211834 0.000010 0.000010 0.000010 0.000010 0.000010 0.000010
0.000010 0.787371 0.132501 0.000010 0.000010 0.080058 0.000010 0.000010 0.000010 0.000010
0.091727 0.664865 0.071596 0.000010 0.000010 0.171752 0.000010 0.000010 0.000010 0.000010
0.010400 0.823252 0.058546 0.000010 0.000010 0.104379 0.000010 0.000010 0.003373 0.000010
0.000010 0.000010 0.927311 0.000010 0.000010 0.000010 0.000010 0.072609 0.000010 0.000010
0.065216 0.000010 0.026246 0.000010 0.908468 0.000010 0.000010 0.000010 0.000010 0.000010
0.000010 0.000010 0.999910 0.000010 0.000010 0.000010 0.000010 0.000010 0.000010 0.000010
0.055454 0.060368 0.822587 0.000010 0.061531 0.000010 0.000010 0.000010 0.000010 0.000010
0.000010 0.052869 0.212346 0.492132 0.232450 0.000010 0.000010 0.000010 0.000010 0.010153
0.000010 0.000010 0.000010 0.376674 0.623246 0.000010 0.000010 0.000010 0.000010 0.000010
0.000010 0.685058 0.000010 0.160812 0.070247 0.000010 0.000010 0.032130 0.000010 0.051703
0.094732 0.000010 0.000010 0.000010 0.000010 0.000013 0.000010 0.000010 0.000010 0.905185
0.064728 0.227179 0.075234 0.000010 0.155261 0.411051 0.009248 0.002855 0.032426 0.022008
0.000010 0.090661 0.000176 0.265784 0.019401 0.000010 0.000010 0.000010 0.000010 0.623928
0.000010 0.000010 0.000012 0.000010 0.999908 0.000010 0.000010 0.000010 0.000010 0.000010
0.000010 0.000010 0.000011 0.000010 0.999907 0.000011 0.000011 0.000010 0.000010 0.000010
0.013851 0.544490 0.133763 0.256353 0.003338 0.000010 0.000010 0.000010 0.000010 0.048166
0.019020 0.669094 0.152953 0.000010 0.018259 0.091815 0.003649 0.000010 0.000010 0.045179
0.380270 0.130150 0.022770 0.000010 0.000010 0.000010 0.026774 0.000010 0.000010 0.439986
0.000010 0.804267 0.173857 0.000010 0.000010 0.000010 0.000010 0.000010 0.000010 0.021806
0.071594 0.253044 0.122473 0.000010 0.000010 0.140400 0.320087 0.027448 0.030601 0.034332
0.012034 0.430153 0.102374 0.317933 0.069237 0.000010 0.003075 0.011804 0.000010 0.053371
0.110941 0.439150 0.074088 0.000010 0.201040 0.155184 0.000010 0.019557 0.000010 0.000010
0.000010 0.852237 0.068421 0.000010 0.053818 0.000010 0.000010 0.016411 0.000010 0.009063
0.000010 0.824178 0.000010 0.065598 0.083202 0.000010 0.000010 0.000010 0.000010 0.026962
0.000010 0.000010 0.000010 0.000010 0.999909 0.000011 0.000010 0.000010 0.000010 0.000010
0.000010 0.000010 0.129744 0.016032 0.370102 0.469000 0.000010 0.000010 0.015072 0.000010
0.000010 0.000010 0.999910 0.000010 0.000010 0.000010 0.000010 0.000010 0.000010 0.000010
0.000859 0.095961 0.087491 0.000010 0.072483 0.000010 0.465977 0.039811 0.000010 0.237387
0.125265 0.441343 0.006662 0.000010 0.070291 0.298022 0.006699 0.006694 0.007996 0.037019
0.027842 0.204746 0.000430 0.000010 0.688276 0.000010 0.013650 0.000010 0.000010 0.065016
0.000010 0.301648 0.035418 0.000010 0.000010 0.028045 0.000010 0.000010 0.000010 0.634830
0.000010 0.024339 0.021690 0.089871 0.000010 0.000010 0.054009 0.026254 0.000551 0.783255
0.548128 0.286284 0.000010 0.000010 0.000010 0.000010 0.129009 0.000010 0.000010 0.036519
0.000010 0.000010 0.000010 0.000010 0.000010 0.000010 0.999910 0.000010 0.000010 0.000010
0.000010 0.000010 0.000010 0.000010 0.000010 0.000010 0.425590 0.000010 0.000010 0.574330
0.546273 0.285900 0.016490 0.000010 0.000010 0.000016 0.123053 0.000010 0.000010 0.028228
0.387744 0.000010 0.032910 0.000010 0.000010 0.000010 0.000010 0.000010 0.000010 0.579275
0.212299 0.140063 0.183348 0.000010 0.037327 0.039510 0.159904 0.000010 0.000010 0.227520
0.165345 0.125795 0.264305 0.000017 0.045863 0.015418 0.148948 0.006159 0.000010 0.228139
0.000010 0.771504 0.228416 0.000010 0.000010 0.000010 0.000010 0.000010 0.000010 0.000010
0.091279 0.368844 0.000010 0.192001 0.111653 0.142718 0.023428 0.000010 0.000010 0.070046
0.000010 0.000010 0.000010 0.000010 0.999910 0.000010 0.000010 0.000010 0.000010 0.000010
0.071130 0.290853 0.096660 0.000010 0.010156 0.171889 0.142780 0.117297 0.046642 0.052583
0.000010 0.000010 0.471057 0.375392 0.014244 0.000010 0.009739 0.000010 0.129518 0.000010
0.000010 0.331209 0.163486 0.000010 0.000010 0.000010 0.000010 0.008380 0.030127 0.466748
0.000010 0.209361 0.211048 0.000010 0.000010 0.082634 0.000010 0.001889 0.000010 0.495017
0.000010 0.093847 0.232705 0.151595 0.000010 0.000010 0.000010 0.000010 0.000010 0.521793
0.000010 0.211316 0.139496 0.000010 0.000010 0.097726 0.060847 0.007632 0.000010 0.482944
0.000010 0.000010 0.018159 0.619519 0.362252 0.000010 0.000010 0.000010 0.000010 0.000010
